Test #3:
10 7.4365 5.47674 3.92087 2.62 1.4632 0.367834 -0.727663 -1.86916 -3.09082 -4.41811 
Testing finished successfully!
Test #3:
10 7.4 5.42599 3.8691 2.57457 1.42776 0.343733 -0.740427 -1.87134 -3.08353 -4.40259 
Testing finished successfully!
Test #6:
1 1.35019 1.49185 1.53146 1.52045 1.48488 1.4353 1.37468 1.30168 1.21025 1.08484 
0.5 0.840851 1.04577 1.16176 1.23816 1.2961 1.34444 1.38716 1.42588 1.46085 1.49094 
Testing finished successfully!
Test #6:
1 1.40395 1.55995 1.58111 1.54978 1.49937 1.44126 1.37702 1.30365 1.21383 1.09132 
0.5 0.87684 1.09779 1.20677 1.27229 1.32192 1.36536 1.40562 1.4433 1.47794 1.50804 
Testing finished successfully!
Test #5:
0.437512 0.467512 0.49712 0.526412 0.555458 0.584317 0.613046 0.641694 0.670305 0.69892 0.727574 
Testing finished successfully!
